400015374 63 116
400016385 62 9
400017376 38 24
400018375 83 14
400019385 47 0
400020376 40 6
400021376 38 0
400022377 37 0
400023400 62 0
400024380 41 26
400025379 39 0
400026380 38 8
400027381 41 0
400028381 39 0
400029384 40 0
400030382 43 17
400031382 41 0
400032384 38 5
400033386 40 5
400034420 74 0
400035385 38 0
400036387 44 13
400037389 41 7
400038389 40 10
400039388 40 0
400040389 38 0
400041388 38 0
400042389 38 6
400043391 40 19
400044389 57 0
400045395 43 0
400046390 42 0
400047392 38 0
400048393 41 10
400049395 39 0
400050393 38 0
400051394 38 0
400052395 38 0
400053396 37 0
400054395 38 0
400055396 38 0
400056397 39 3
400057402 43 0
400058399 40 10
400059399 41 36
400060398 83 0
400086413 40 66
400087414 40 53
400088414 38 48
400089416 40 59
400090415 80 54
400091416 79 38
400092416 80 60
400093417 38 57
400094420 41 73
400095417 38 46
400096420 40 20
400097420 40 85
400098421 41 47
400100421 38 77
400102422 39 42
400104429 45 55
400105429 46 46
400106428 43 89
400107431 45 85
400109426 41 77
400110464 77 68
400112447 57 48
400115435 43 8
400117433 39 0
400118433 37 11
400119434 38 0
400120434 42 8
400121435 40 0
400122435 38 0
400123445 52 0
400124439 45 0
400125438 40 0
400126438 40 0
400127439 40 0
400128443 44 5
400129439 39 0
400130444 44 5
400131441 43 0
400132440 38 0
400133441 39 3
400134460 57 0
400135445 138 0
400136444 44 3
400137444 39 0
400138445 39 0
400139446 40 6
400140446 41 0
400141447 38 14
400142446 38 3
400143447 209 0
400144449 39 0
400145452 43 3
400146450 40 3
400147450 37 0
400148451 40 0
400149451 38 0
400150455 44 9
400151453 48 0
400152454 40 3
400153456 40 3
400154456 41 3
